dada2_input	filtered	dada_f	dada_r	merged	nonchim	final_perc_reads_retained
BT01_F01_S3_W17	35798	35307	35101	35205	35012	34296	95.8
BT01_F01_S4_W17	8809	8642	8568	8577	8507	8276	93.9
BT01_F02_S3_W17	33052	32571	32438	32454	32340	30307	91.7
BT01_F02_S4_W17	27722	27358	27311	27288	27244	26656	96.2
BT01_F03_S3_W17	101344	100223	100076	100097	99962	94189	92.9
BT01_F03_S4_W17	7955	7724	7709	7714	7701	7648	96.1
BT01_F04_S3_W17	7918	7776	7765	7763	7755	7506	94.8
BT01_F04_S4_W17	6403	6296	6278	6275	6262	6190	96.7
BT01_F05_S3_W17	312309	307024	306867	306682	306527	300763	96.3
BT01_F05_S4_W17	124917	122286	122010	121912	121652	112099	89.7
BT01_F06_S3_W17	3395	3320	3265	3289	3236	3087	90.9
BT01_F06_S4_W17	26559	25701	25640	25580	25527	24723	93.1
BT01_F07_S4_W17	20151	19911	19867	19848	19814	18889	93.7
BT01_F08_S3_W17	16192	15911	15892	15888	15873	15631	96.5
BT01_F08_S4_W17	146982	144238	144133	144144	144047	142034	96.6
BT01_F09_S3_W17	26617	26356	26272	26319	26244	25703	96.6
BT01_F09_S4_W17	839	812	778	800	771	767	91.4
BT01_F10_S3_W17	68729	66307	66089	66204	65993	64445	93.8
BT01_F10_S4_W17	3386	3283	3263	3237	3223	3165	93.5
BT01_F11_S3_W17	8208	7987	7929	7928	7875	7671	93.5
BT01_F11_S4_W17	15611	15411	15392	15384	15368	14830	95
BT01_F12_S3_W17	3234	3160	3147	3124	3112	2985	92.3
BT01_F12_S4_W17	10151	9853	9797	9828	9776	9685	95.4
BT01_F13_S3_W17	10249	10074	10049	10056	10035	9894	96.5
BT01_F13_S4_W17	7012	6842	6794	6805	6762	6616	94.4
BT01_F14_S3_W17	26667	26293	26258	26170	26145	25646	96.2
BT01_F14_S4_W17	75813	75111	74958	75001	74861	70977	93.6
BT01_F15_S4_W17	45778	45218	45057	45105	44951	42714	93.3
BT01_F16_S3_W17	29115	28178	28033	28113	27971	27220	93.5
BT01_F16_S4_W17	42239	41151	41068	40998	40928	39738	94.1
BT01_F17_S3_W17	5954	5822	5745	5797	5726	5335	89.6
BT01_F17_S4_W17	5876	5816	5753	5757	5698	5368	91.4
BT01_F18_S3_W17	17737	17573	17444	17468	17352	16613	93.7
BT01_F18_S4_W17	15814	15585	15543	15496	15457	14865	94
BT01_F19_S3_W17	28342	27979	27953	27918	27895	27226	96.1
BT01_F19_S4_W17	23784	23522	23418	23418	23322	21929	92.2
BT01_F20_S3_W17	148808	146455	146327	146337	146227	142772	95.9
BT01_F20_S4_W17	35320	34847	34738	34750	34645	31711	89.8
BT01_F21_S3_W17	30508	29959	29826	29864	29733	29188	95.7
BT01_F21_S4_W17	32452	31961	31916	31876	31833	31402	96.8
BT01_F22_S3_W17	89341	87382	87061	87018	86720	82539	92.4
BT01_F22_S4_W17	25879	25500	25361	25427	25299	24585	95
BT01_F23_S4_W17	58043	57306	57107	57035	56862	52871	91.1
BT01_F24_S3_W17	11954	11823	11766	11778	11727	11460	95.9
BT01_F24_S4_W17	85725	84481	84295	84410	84230	82879	96.7
BT01_F25_S3_W17	20364	20060	20001	19997	19948	19504	95.8
BT01_F25_S4_W17	22495	21715	21660	21628	21579	21439	95.3
BT01_F26_S3_W17	33075	32592	32463	32484	32368	30119	91.1
BT01_F26_S4_W17	16367	15864	15804	15818	15766	15389	94
BT01_F27_S3_W17	16652	16435	16332	16345	16248	15854	95.2
BT01_F27_S4_W17	32347	31856	31730	31722	31612	30463	94.2
BT01_F28_S3_W17	86228	84751	84604	84667	84525	83010	96.3
BT01_F28_S4_W17	10842	10721	10681	10693	10662	10274	94.8
BT01_F29_S3_W17	128467	125148	124612	124940	124428	120711	94
BT01_F29_S4_W17	11091	10975	10892	10924	10846	10442	94.1
BT01_F30_S3_W17	94390	91726	91566	91504	91359	88485	93.7
BT01_F30_S4_W17	127173	125681	125435	125592	125349	113847	89.5
BT01_F31_S4_W17	112330	110097	109985	109973	109867	105689	94.1
BT01_F32_S3_W17	24495	24154	23990	24043	23893	23043	94.1
BT01_F32_S4_W17	55546	54952	54878	54924	54856	54315	97.8
BT01_F33_S3_W17	73923	73039	72877	72919	72769	69624	94.2
BT01_F33_S4_W17	9570	9293	9264	9233	9209	9049	94.6
BT01_F34_S3_W17	7236	7119	7110	7087	7083	7037	97.2
BT01_F34_S4_W17	11191	10832	10743	10741	10658	10346	92.4
BT01_F35_S3_W17	81096	79793	79441	79521	79182	71326	88
BT01_F35_S4_W17	83714	82358	82206	82190	82049	80507	96.2
BT01_F36_S3_W17	57690	56297	56134	56144	55995	54012	93.6
BT01_F36_S4_W17	14812	14627	14591	14565	14539	14355	96.9
BT01_F37_S3_W17	8610	8348	8330	8312	8299	8027	93.2
BT01_F37_S4_W17	2181	2126	2070	2106	2056	1979	90.7
BT01_F38_S3_W17	30293	29883	29760	29840	29728	29098	96.1
BT01_F38_S4_W17	10972	10844	10758	10812	10737	10353	94.4
BT01_F39_S4_W17	5516	5314	5260	5287	5238	4996	90.6
BT01_F40_S3_W17	27842	27465	27384	27402	27332	25727	92.4
BT01_F40_S4_W17	80646	79780	79592	79714	79537	75399	93.5
Ctrl_Feed_1	138849	136651	136069	136117	135555	118530	85.4
Ctrl_Feed_2	73835	72723	72420	72467	72182	68119	92.3
Ctrl_Feed_3	65313	64260	63850	64047	63660	55528	85
ET01_F01_S3_W17	315468	307572	307441	307441	307322	304374	96.5
ET01_F01_S4_W17	39252	38648	38560	38574	38491	36891	94
ET01_F02_S3_W17	186434	181380	181226	181228	181087	179660	96.4
ET01_F02_S4_W17	118228	117036	116582	116732	116295	102692	86.9
ET01_F03_S3_W17	123580	122061	121958	121965	121871	120932	97.9
ET01_F03_S4_W17	185031	183075	182826	182904	182670	179391	97
ET01_F04_S3_W17	102586	100116	100054	100071	100019	99503	97
ET01_F04_S4_W17	131373	129669	129599	129614	129550	127979	97.4
ET01_F05_S3_W17	12745	12511	12497	12480	12472	12408	97.4
ET01_F06_S3_W17	126485	125025	124945	124912	124840	124123	98.1
ET01_F06_S4_W17	212425	207938	207876	207837	207777	206451	97.2
ET01_F07_S3_W17	122868	121312	121247	121248	121190	120856	98.4
ET01_F07_S4_W17	161392	157256	157199	157213	157164	156831	97.2
ET01_F08_S3_W17	226120	221823	221693	221226	221106	219593	97.1
ET01_F08_S4_W17	160489	156994	156875	156907	156796	155771	97.1
ET01_F09_S3_W17	74565	73636	73525	73554	73449	72603	97.4
ET01_F09_S4_W17	189791	187296	187111	187126	186943	183026	96.4
ET01_F10_S3_W17	63927	63192	63132	63097	63043	62442	97.7
ET01_F10_S4_W17	157493	153518	153429	153315	153227	148541	94.3
ET01_F11_S3_W17	118711	116493	116456	116424	116390	115868	97.6
ET01_F11_S4_W17	257295	251400	251324	251316	251249	250460	97.3
ET01_F12_S3_W17	162675	161031	160896	160691	160562	158610	97.5
ET01_F12_S4_W17	153001	151176	150735	150889	150474	146655	95.9
ET01_F13_S3_W17	142358	139096	139056	139040	139006	138280	97.1
ET01_F14_S3_W17	199051	196648	196558	196586	196505	195471	98.2
ET01_F14_S4_W17	143256	141710	141605	141563	141464	140594	98.1
ET01_F15_S3_W17	81873	80836	80739	80744	80660	80257	98
ET01_F15_S4_W17	125483	123678	123532	123561	123432	120256	95.8
ET01_F16_S3_W17	45716	45107	45044	45086	45023	44578	97.5
ET01_F16_S4_W17	88031	86770	86598	86671	86506	84758	96.3
ET01_F17_S3_W17	92269	89585	89524	89569	89513	89280	96.8
ET01_F17_S4_W17	78998	76971	76913	76953	76899	76719	97.1
ET01_F18_S3_W17	47428	46740	46633	46703	46607	45046	95
ET01_F18_S4_W17	152114	148506	148376	148232	148107	144912	95.3
ET01_F19_S3_W17	64493	63382	63338	63321	63282	62746	97.3
ET01_F19_S4_W17	20347	20072	20039	20046	20020	19802	97.3
ET01_F20_S3_W17	24049	23735	23587	23712	23567	22832	94.9
ET01_F20_S4_W17	53617	53110	52964	53047	52915	51642	96.3
ET01_F21_S3_W17	67292	66506	66436	66314	66253	61244	91
ET01_F22_S3_W17	254805	247988	247895	247901	247826	247243	97
ET01_F22_S4_W17	118788	116213	116066	116001	115860	113170	95.3
ET01_F23_S3_W17	89732	88107	87934	87986	87835	87194	97.2
ET01_F23_S4_W17	41221	40684	40619	40580	40522	40089	97.3
ET01_F24_S3_W17	93325	90832	90750	90775	90702	90480	97
ET01_F24_S4_W17	88886	87916	87844	87863	87794	87253	98.2
ET01_F25_S3_W17	294470	291570	291451	291452	291340	280375	95.2
ET01_F25_S4_W17	88850	87845	87708	87775	87652	86269	97.1
ET01_F26_S3_W17	148004	146455	146353	146392	146289	145454	98.3
ET01_F26_S4_W17	58038	56825	56780	56784	56741	56188	96.8
ET01_F27_S3_W17	244942	237970	237883	237841	237762	236906	96.7
ET01_F27_S4_W17	98771	97432	97150	97226	96963	90730	91.9
ET01_F28_S3_W17	25323	24905	24844	24840	24789	24204	95.6
ET01_F28_S4_W17	302394	298636	298528	298454	298349	295980	97.9
ET01_F29_S3_W17	426960	421462	420829	421406	420781	419832	98.3
ET01_F30_S3_W17	145290	142673	142141	142399	141871	126837	87.3
ET01_F30_S4_W17	53368	52706	52678	52670	52643	52462	98.3
ET01_F31_S3_W17	23285	22819	22753	22770	22713	22508	96.7
ET01_F31_S4_W17	62167	60702	60616	60632	60552	59770	96.1
ET01_F32_S3_W17	77718	76882	76800	76628	76551	76171	98
ET01_F32_S4_W17	57246	56391	56297	56332	56245	55907	97.7
ET01_F33_S3_W17	9619	9416	9386	9396	9378	9333	97
ET01_F33_S4_W17	80238	78823	78550	78578	78340	75408	94
ET01_F34_S3_W17	176531	172906	172707	172781	172593	162820	92.2
ET01_F34_S4_W17	19485	19185	19117	19148	19088	17589	90.3
ET01_F35_S3_W17	155706	153890	153792	153755	153666	152098	97.7
ET01_F35_S4_W17	73817	73052	72894	72950	72800	70599	95.6
ET01_F36_S3_W17	74200	73407	73345	73355	73301	72733	98
ET01_F36_S4_W17	111412	109961	109871	109871	109795	109239	98
ET01_F37_S3_W17	68905	68094	67999	68008	67932	67498	98
ET01_F38_S3_W17	213164	209979	209344	209719	209095	205271	96.3
ET01_F38_S4_W17	87072	85907	85558	85643	85336	78615	90.3
ET01_F39_S3_W17	84186	83289	83194	83224	83133	82807	98.4
ET01_F39_S4_W17	303303	299860	299678	299684	299513	297984	98.2
ET01_F40_S3_W17	280512	274560	274202	273933	273591	265933	94.8
ET01_F40_S4_W17	138424	137043	136991	136923	136875	135953	98.2
Extraction_Neg1	139466	137917	137284	137457	136845	116187	83.3
Extraction_Neg2	113622	112144	111826	111909	111602	104238	91.7
Extraction_Neg3	46843	46325	46156	46143	45991	44372	94.7
Extraction_Neg4	90816	88926	88671	88725	88482	85634	94.3
Extraction_Neg5	10076	9963	9922	9894	9862	9676	96
Extraction_Neg6	4820	4737	4658	4695	4623	4257	88.3
Extraction_Neg7	13133	13009	12900	12903	12809	11799	89.8
Extraction_Neg8	9223	9091	9013	9012	8943	8607	93.3
Lib_Blk_1	4852	4745	4707	4727	4693	4556	93.9
Lib_Blk_10	741	730	716	720	708	660	89.1
Lib_Blk_2	10469	10338	10208	10244	10128	9539	91.1
Lib_Blk_3	19858	19657	19572	19599	19520	19097	96.2
Lib_Blk_4	127985	126834	126270	126386	125844	101224	79.1
Lib_Blk_5	30333	29893	29810	29818	29743	29000	95.6
Lib_Blk_6	20957	20695	20659	20524	20493	20059	95.7
Lib_Blk_7	7779	7593	7517	7514	7446	6801	87.4
Lib_Blk_8	13896	13793	13713	13759	13687	13320	95.9
Lib_Blk_9	8819	8680	8599	8628	8556	8175	92.7
PCR_Blk_1	103408	101935	101392	101797	101273	95273	92.1
PCR_Blk_10	23388	23010	22834	22906	22747	21603	92.4
PCR_Blk_2	18192	18037	17949	17980	17904	17089	93.9
PCR_Blk_3	6519	6388	6345	6361	6324	6066	93.1
PCR_Blk_4	10845	10686	10589	10616	10528	9999	92.2
PCR_Blk_5	17432	17207	17133	17137	17066	16499	94.6
PCR_Blk_6	4853	4745	4707	4728	4695	4569	94.1
PCR_Blk_8	29270	28641	28486	28559	28414	27459	93.8
PCR_Blk_9	8669	8508	8411	8394	8304	7841	90.4
Pro_Feed_1	124800	122555	122027	122154	121648	117104	93.8
Pro_Feed_2	42081	41187	40978	40970	40790	38181	90.7
Pro_Feed_3	128115	126338	126106	126166	125953	124501	97.2
Syn_Feed_1	50822	50109	49841	49724	49500	47883	94.2
Syn_Feed_2	60065	58962	58625	58690	58366	53244	88.6
Syn_Feed_3	39800	39094	38813	38971	38706	35948	90.3
Water_sample_1	102856	101661	101260	101271	100899	94010	91.4
Water_sample_2	62592	61816	61530	61412	61152	56830	90.8
Water_sample_3	65009	64326	63940	64047	63685	60727	93.4
Water_sample_4	41729	41182	40866	40985	40701	37058	88.8
Water_sample_5	72563	71885	71585	71431	71210	67929	93.6
ZT01_F01_S3_W17	60413	59856	59789	59797	59741	59324	98.2
ZT01_F01_S4_W17	17215	16664	16577	16628	16547	15928	92.5
ZT01_F02_S4_W17	118545	116596	116176	116271	115867	109931	92.7
ZT01_F03_S3_W17	87961	86707	86548	86639	86491	85031	96.7
ZT01_F03_S4_W17	30654	30243	30117	30140	30024	28866	94.2
ZT01_F04_S3_W17	739444	724295	723706	723966	723388	652594	88.3
ZT01_F04_S4_W17	115296	113296	112552	112855	112163	103148	89.5
ZT01_F05_S3_W17	318876	314101	313838	313821	313572	303925	95.3
ZT01_F05_S4_W17	9937	9803	9673	9720	9597	8900	89.6
ZT01_F06_S3_W17	72976	72197	72045	72068	71926	69937	95.8
ZT01_F06_S4_W17	279590	272599	271904	272261	271579	249606	89.3
ZT01_F07_S3_W17	36013	35648	35496	35612	35468	35319	98.1
ZT01_F07_S4_W17	177528	173474	173159	173382	173074	166400	93.7
ZT01_F08_S3_W17	83462	81900	81825	81713	81645	79531	95.3
ZT01_F08_S4_W17	61966	60426	60317	60286	60187	58234	94
ZT01_F09_S3_W17	14820	14700	14632	14682	14616	14250	96.2
ZT01_F09_S4_W17	24263	23981	23910	23939	23876	23654	97.5
ZT01_F10_S4_W17	89228	87076	87021	87001	86948	86370	96.8
ZT01_F11_S3_W17	83634	82693	82551	82520	82401	79540	95.1
ZT01_F11_S4_W17	15824	15609	15518	15557	15469	15137	95.7
ZT01_F12_S3_W17	45376	44712	44589	44640	44530	43612	96.1
ZT01_F12_S4_W17	73302	72177	72017	72051	71905	70743	96.5
ZT01_F13_S3_W17	11537	11250	11220	11218	11195	10795	93.6
ZT01_F13_S4_W17	7741	7582	7551	7558	7537	7475	96.6
ZT01_F14_S3_W17	30880	30281	30186	30226	30136	29249	94.7
ZT01_F14_S4_W17	33869	33505	33390	33404	33303	32478	95.9
ZT01_F15_S3_W17	116842	113544	113405	113402	113274	110725	94.8
ZT01_F15_S4_W17	2144	2067	2049	2045	2028	1940	90.5
ZT01_F16_S3_W17	23194	22712	22683	22652	22633	22469	96.9
ZT01_F16_S4_W17	66159	64665	64592	64601	64534	64196	97
ZT01_F17_S3_W17	136891	135004	134794	134792	134587	127466	93.1
ZT01_F17_S4_W17	95242	94343	94247	94236	94147	92004	96.6
ZT01_F18_S4_W17	52333	51711	51629	51633	51565	49374	94.3
ZT01_F19_S3_W17	21415	20951	20817	20885	20772	20176	94.2
ZT01_F19_S4_W17	105510	103909	103786	103824	103705	101851	96.5
ZT01_F20_S3_W17	40362	40002	39870	39942	39815	38239	94.7
ZT01_F20_S4_W17	30706	30274	30063	30150	29957	29137	94.9
ZT01_F21_S3_W17	161458	157071	156872	156822	156633	152171	94.2
ZT01_F21_S4_W17	16484	16207	16113	16162	16074	15823	96
ZT01_F22_S3_W17	27073	26245	26187	26162	26108	25932	95.8
ZT01_F22_S4_W17	20610	20173	20005	20103	19946	19369	94
ZT01_F23_S3_W17	54878	54249	53987	54113	53862	52775	96.2
ZT01_F23_S4_W17	148360	146367	146020	145940	145622	139807	94.2
ZT01_F24_S3_W17	25488	25240	25185	25204	25154	24427	95.8
ZT01_F24_S4_W17	32759	32266	32168	32077	31985	29606	90.4
ZT01_F25_S3_W17	36862	36025	35969	35973	35923	35057	95.1
ZT01_F25_S4_W17	106492	105591	105481	105510	105411	104612	98.2
ZT01_F26_S4_W17	60714	59908	59789	59795	59692	58818	96.9
ZT01_F27_S3_W17	28437	28137	28091	27908	27866	27625	97.1
ZT01_F27_S4_W17	15778	15349	15242	15286	15187	15013	95.2
ZT01_F28_S3_W17	48378	47270	47156	47138	47029	44265	91.5
ZT01_F28_S4_W17	53249	51954	51840	51809	51709	50542	94.9
ZT01_F29_S3_W17	37927	37572	37514	37523	37475	36112	95.2
ZT01_F29_S4_W17	11138	10963	10939	10937	10922	10693	96
ZT01_F30_S3_W17	159892	157327	156858	157152	156685	146621	91.7
ZT01_F30_S4_W17	106604	104036	103879	103914	103779	102285	95.9
ZT01_F31_S3_W17	44545	44015	43973	43955	43918	43281	97.2
ZT01_F31_S4_W17	310333	305742	305500	305584	305349	302938	97.6
ZT01_F32_S3_W17	2240	2221	2187	2194	2168	2118	94.6
ZT01_F32_S4_W17	27154	26763	26715	26708	26668	26088	96.1
ZT01_F33_S3_W17	22844	22603	22498	22527	22434	22088	96.7
ZT01_F33_S4_W17	53089	52592	52416	52467	52305	49929	94
ZT01_F34_S4_W17	6317	6234	6190	6194	6152	5790	91.7
ZT01_F35_S3_W17	34048	33738	33671	33709	33644	33350	97.9
ZT01_F35_S4_W17	16214	15875	15793	15794	15718	15122	93.3
ZT01_F36_S3_W17	89381	88005	87951	87934	87885	87308	97.7
ZT01_F36_S4_W17	4796	4723	4667	4702	4655	4299	89.6
ZT01_F37_S3_W17	62312	61470	61379	61396	61310	59900	96.1
ZT01_F37_S4_W17	63425	62345	62212	62210	62089	59112	93.2
ZT01_F38_S3_W17	34845	33953	33884	33929	33863	32572	93.5
ZT01_F38_S4_W17	175656	171240	171000	171018	170796	162923	92.8
ZT01_F39_S3_W17	10136	9855	9845	9826	9820	9672	95.4
ZT01_F39_S4_W17	17837	17621	17513	17575	17483	17019	95.4
ZT01_F40_S3_W17	19684	19032	19008	18974	18956	18385	93.4
ZT01_F40_S4_W17	32969	32189	32111	32136	32069	31134	94.4
